1761450585414 3.7163920402526855 0
1761450594380 1.3821173906326294 1
1761450602664 1.1297731399536133 2
1761450612245 1.101871371269226 3
1761450619517 1.098414421081543 4
1761450627274 1.095698356628418 5
1761450633843 1.0987424850463867 6
1761450640929 1.0982961654663086 7
1761450647539 1.0963324308395386 8
1761450654018 1.0986634492874146 9
1761450661314 1.0969173908233643 10
1761450668177 1.0960607528686523 11
1761450677568 1.0966100692749023 12
1761450684634 1.098423719406128 13
1761450691375 1.0986425876617432 14
1761450697680 1.098694920539856 15
1761450703737 1.0986469984054565 16
1761450710067 1.098655104637146 17
1761450716354 1.0986706018447876 18
1761450722327 1.0986216068267822 19
1761450728354 1.0981053113937378 20
1761450735025 1.0943166017532349 21
1761450741078 1.0912182331085205 22
1761450747051 1.0953326225280762 23
1761450753323 1.0972192287445068 24
1761450759642 1.0974496603012085 25
1761450765666 1.0955328941345215 26
1761450771660 1.096361517906189 27
1761450777956 1.0957317352294922 28
1761450585414 3.7163920402526855 0
