1761525768183 0.0005000000237487257 0 f62547f7ac474bdda83906fbe5df4002
1761525768429 0.0005000000237487257 1 f62547f7ac474bdda83906fbe5df4002
1761525768728 0.0005000000237487257 2 f62547f7ac474bdda83906fbe5df4002
1761525768984 0.0005000000237487257 3 f62547f7ac474bdda83906fbe5df4002
1761525769222 0.0005000000237487257 4 f62547f7ac474bdda83906fbe5df4002
1761525769475 0.0005000000237487257 5 f62547f7ac474bdda83906fbe5df4002
1761525769729 0.0002500000118743628 6 f62547f7ac474bdda83906fbe5df4002
1761525769975 0.0002500000118743628 7 f62547f7ac474bdda83906fbe5df4002
1761525770225 0.0002500000118743628 8 f62547f7ac474bdda83906fbe5df4002
1761525770472 0.0002500000118743628 9 f62547f7ac474bdda83906fbe5df4002
1761525770721 0.0002500000118743628 10 f62547f7ac474bdda83906fbe5df4002
1761525770982 0.0001250000059371814 11 f62547f7ac474bdda83906fbe5df4002
1761525771227 0.0001250000059371814 12 f62547f7ac474bdda83906fbe5df4002
1761525771490 0.0001250000059371814 13 f62547f7ac474bdda83906fbe5df4002
1761525771740 0.0001250000059371814 14 f62547f7ac474bdda83906fbe5df4002
1761525771986 0.0001250000059371814 15 f62547f7ac474bdda83906fbe5df4002
1761525768183 0.0005000000237487257 0 f62547f7ac474bdda83906fbe5df4002
