1761525768183 1.9879918098449707 0 f62547f7ac474bdda83906fbe5df4002
1761525768429 1.7656582593917847 1 f62547f7ac474bdda83906fbe5df4002
1761525768728 1.7230998277664185 2 f62547f7ac474bdda83906fbe5df4002
1761525768984 1.6671409606933594 3 f62547f7ac474bdda83906fbe5df4002
1761525769222 1.6010050773620605 4 f62547f7ac474bdda83906fbe5df4002
1761525769475 1.604949951171875 5 f62547f7ac474bdda83906fbe5df4002
1761525769729 1.5727155208587646 6 f62547f7ac474bdda83906fbe5df4002
1761525769975 1.5506287813186646 7 f62547f7ac474bdda83906fbe5df4002
1761525770225 1.5600215196609497 8 f62547f7ac474bdda83906fbe5df4002
1761525770472 1.5869418382644653 9 f62547f7ac474bdda83906fbe5df4002
1761525770721 1.5068315267562866 10 f62547f7ac474bdda83906fbe5df4002
1761525770982 1.5267764329910278 11 f62547f7ac474bdda83906fbe5df4002
1761525771227 1.555206060409546 12 f62547f7ac474bdda83906fbe5df4002
1761525771490 1.5099552869796753 13 f62547f7ac474bdda83906fbe5df4002
1761525771740 1.5170401334762573 14 f62547f7ac474bdda83906fbe5df4002
1761525771986 1.4991248846054077 15 f62547f7ac474bdda83906fbe5df4002
1761525768183 1.9879918098449707 0 f62547f7ac474bdda83906fbe5df4002
