1761451073665 1.238007664680481 0
1761451074615 1.1205731630325317 1
1761451075110 1.0836095809936523 2
1761451075774 1.062113642692566 3
1761451076263 1.073813557624817 4
1761451076650 1.0695443153381348 5
1761451077004 1.0684255361557007 6
1761451077360 1.0629913806915283 7
1761451077896 1.0636107921600342 8
1761451078471 1.0636515617370605 9
1761451078917 1.053097128868103 10
1761451079213 1.060715675354004 11
1761451079505 1.055512547492981 12
1761451079801 1.0399816036224365 13
1761451080152 1.0457332134246826 14
1761451080459 1.0612988471984863 15
1761451080726 1.045600414276123 16
1761451081851 1.0557187795639038 17
1761451082450 1.039707899093628 18
1761451082838 1.036041259765625 19
1761451083185 1.0489757061004639 20
1761451073665 1.238007664680481 0
