1761525891002 0.0010000000474974513 0
1761525895223 0.0010000000474974513 1
1761525900262 0.0010000000474974513 2
1761525904397 0.0010000000474974513 3
1761525907646 0.0010000000474974513 4
1761525910878 0.0010000000474974513 5
1761525914587 0.0005000000237487257 6
1761525918985 0.0005000000237487257 7
1761525923771 0.0005000000237487257 8
1761525929545 0.0005000000237487257 9
1761525940828 0.0005000000237487257 10
1761525948962 0.0002500000118743628 11
1761525953629 0.0002500000118743628 12
1761525957823 0.0002500000118743628 13
1761525962421 0.0002500000118743628 14
1761525965719 0.0002500000118743628 15
1761525969689 0.0001250000059371814 16
1761525891002 0.0010000000474974513 0
