1761433113053 0.31540894508361816 0
1761433113827 0.45865342020988464 1
1761433114560 0.43244463205337524 2
1761433115361 0.43244463205337524 3
1761433116247 0.4563940465450287 4
1761433117309 0.4554902911186218 5
1761433118432 0.460460901260376 6
1761433119138 0.47356531023979187 7
1761433119783 0.4654315412044525 8
1761433120393 0.4758246839046478 9
1761433120986 0.45006778836250305 10
1761433121584 0.4622684121131897 11
1761433122300 0.5020334124565125 12
1761433122932 0.46452778577804565 13
1761433113053 0.31540894508361816 0
