1761433113053 1.1225695610046387 0
1761433113827 1.0890988111495972 1
1761433114560 1.0800048112869263 2
1761433115361 1.0848865509033203 3
1761433116247 1.0827574729919434 4
1761433117309 1.071966290473938 5
1761433118432 1.0677565336227417 6
1761433119138 1.0631872415542603 7
1761433119783 1.0584288835525513 8
1761433120393 1.059409737586975 9
1761433120986 1.0582398176193237 10
1761433121584 1.0505218505859375 11
1761433122300 1.04142427444458 12
1761433122932 1.0362266302108765 13
1761433113053 1.1225695610046387 0
