1761450542229 1.2080934047698975 0
1761450542524 1.1413342952728271 1
1761450542811 1.1071279048919678 2
1761450543136 1.0916612148284912 3
1761450543429 1.065569519996643 4
1761450543707 1.0686917304992676 5
1761450543970 1.0592131614685059 6
1761450544277 1.057801604270935 7
1761450544587 1.0680032968521118 8
1761450544829 1.0589121580123901 9
1761450545095 1.0590139627456665 10
1761450545364 1.0488313436508179 11
1761450545613 1.0429468154907227 12
1761450545852 1.0480040311813354 13
1761450546101 1.0635490417480469 14
1761450546344 1.0532934665679932 15
1761450546730 1.052208662033081 16
1761450547024 1.0480612516403198 17
1761450547262 1.0538995265960693 18
1761450547511 1.0458959341049194 19
1761450547749 1.0374761819839478 20
1761450547989 1.0484116077423096 21
1761450542229 1.2080934047698975 0
