1761433084968 1.111063838005066 0 15a0e9b8574e4783aec4e7f551f5161e
1761433085220 1.0742461681365967 1 15a0e9b8574e4783aec4e7f551f5161e
1761433085430 1.064788579940796 2 15a0e9b8574e4783aec4e7f551f5161e
1761433085651 1.0531642436981201 3 15a0e9b8574e4783aec4e7f551f5161e
1761433085857 1.0501370429992676 4 15a0e9b8574e4783aec4e7f551f5161e
1761433086057 1.040238380432129 5 15a0e9b8574e4783aec4e7f551f5161e
1761433086256 1.0450025796890259 6 15a0e9b8574e4783aec4e7f551f5161e
1761433086713 1.0455207824707031 7 15a0e9b8574e4783aec4e7f551f5161e
1761433087134 1.0352323055267334 8 15a0e9b8574e4783aec4e7f551f5161e
1761433087326 1.0234160423278809 9 15a0e9b8574e4783aec4e7f551f5161e
1761433084968 1.111063838005066 0 15a0e9b8574e4783aec4e7f551f5161e
