1761432895589 0.3520108461380005 0 3e84f2575ef240d08f470ff762570dff
1761432896240 0.4220515191555023 1 3e84f2575ef240d08f470ff762570dff
1761432897169 0.431992769241333 2 3e84f2575ef240d08f470ff762570dff
1761432897764 0.4640759229660034 3 3e84f2575ef240d08f470ff762570dff
1761432898439 0.4622684121131897 4 3e84f2575ef240d08f470ff762570dff
1761432899069 0.4563940465450287 5 3e84f2575ef240d08f470ff762570dff
1761432899638 0.45820152759552 6 3e84f2575ef240d08f470ff762570dff
1761432900211 0.4753727912902832 7 3e84f2575ef240d08f470ff762570dff
1761432901004 0.47040218114852905 8 3e84f2575ef240d08f470ff762570dff
1761432901596 0.437867134809494 9 3e84f2575ef240d08f470ff762570dff
1761432895589 0.3520108461380005 0 3e84f2575ef240d08f470ff762570dff
