1761438889609 2.9910662174224854 0 e7b971947aab437f88319f5cefc43bb2
1761438894241 1.2682749032974243 1 e7b971947aab437f88319f5cefc43bb2
1761438898837 1.1128628253936768 2 e7b971947aab437f88319f5cefc43bb2
1761438902983 1.0983859300613403 3 e7b971947aab437f88319f5cefc43bb2
1761438907262 1.0982537269592285 4 e7b971947aab437f88319f5cefc43bb2
1761438911761 1.0986461639404297 5 e7b971947aab437f88319f5cefc43bb2
1761438916162 1.0964305400848389 6 e7b971947aab437f88319f5cefc43bb2
1761438920679 1.0983790159225464 7 e7b971947aab437f88319f5cefc43bb2
1761438925120 1.0967035293579102 8 e7b971947aab437f88319f5cefc43bb2
1761438930115 1.0983874797821045 9 e7b971947aab437f88319f5cefc43bb2
1761438934743 1.0985134840011597 10 e7b971947aab437f88319f5cefc43bb2
1761438938922 1.0980836153030396 11 e7b971947aab437f88319f5cefc43bb2
1761438943314 1.0977044105529785 12 e7b971947aab437f88319f5cefc43bb2
1761438947755 1.0991084575653076 13 e7b971947aab437f88319f5cefc43bb2
1761438952128 1.0985138416290283 14 e7b971947aab437f88319f5cefc43bb2
1761438956859 1.098435401916504 15 e7b971947aab437f88319f5cefc43bb2
1761438961359 1.0979410409927368 16 e7b971947aab437f88319f5cefc43bb2
1761438965616 1.0966973304748535 17 e7b971947aab437f88319f5cefc43bb2
1761438970172 1.0976849794387817 18 e7b971947aab437f88319f5cefc43bb2
1761438974529 1.0960862636566162 19 e7b971947aab437f88319f5cefc43bb2
1761438979013 1.101169466972351 20 e7b971947aab437f88319f5cefc43bb2
1761438983567 1.0990937948226929 21 e7b971947aab437f88319f5cefc43bb2
1761438988206 1.0985448360443115 22 e7b971947aab437f88319f5cefc43bb2
1761438992938 1.0985045433044434 23 e7b971947aab437f88319f5cefc43bb2
1761438997559 1.0985372066497803 24 e7b971947aab437f88319f5cefc43bb2
1761439001783 1.0980719327926636 25 e7b971947aab437f88319f5cefc43bb2
1761439005804 1.0981690883636475 26 e7b971947aab437f88319f5cefc43bb2
1761439010385 1.0985018014907837 27 e7b971947aab437f88319f5cefc43bb2
1761439014614 1.0982838869094849 28 e7b971947aab437f88319f5cefc43bb2
1761439018850 1.0978174209594727 29 e7b971947aab437f88319f5cefc43bb2
1761439022769 1.0963053703308105 30 e7b971947aab437f88319f5cefc43bb2
1761439026804 1.0969938039779663 31 e7b971947aab437f88319f5cefc43bb2
1761439031020 1.0954190492630005 32 e7b971947aab437f88319f5cefc43bb2
1761439034985 1.0952849388122559 33 e7b971947aab437f88319f5cefc43bb2
1761439039036 1.0923527479171753 34 e7b971947aab437f88319f5cefc43bb2
1761439043106 1.0969139337539673 35 e7b971947aab437f88319f5cefc43bb2
1761439047112 1.098654866218567 36 e7b971947aab437f88319f5cefc43bb2
1761439051068 1.0976176261901855 37 e7b971947aab437f88319f5cefc43bb2
1761439055058 1.096327781677246 38 e7b971947aab437f88319f5cefc43bb2
1761439058975 1.0935604572296143 39 e7b971947aab437f88319f5cefc43bb2
1761439063252 1.0924545526504517 40 e7b971947aab437f88319f5cefc43bb2
1761439067389 1.0971370935440063 41 e7b971947aab437f88319f5cefc43bb2
1761439071485 1.0944446325302124 42 e7b971947aab437f88319f5cefc43bb2
1761439075329 1.0927059650421143 43 e7b971947aab437f88319f5cefc43bb2
1761439079198 1.0914206504821777 44 e7b971947aab437f88319f5cefc43bb2
1761439083525 1.0934791564941406 45 e7b971947aab437f88319f5cefc43bb2
1761439087636 1.0964876413345337 46 e7b971947aab437f88319f5cefc43bb2
1761439091768 1.0889195203781128 47 e7b971947aab437f88319f5cefc43bb2
1761439095424 1.096887469291687 48 e7b971947aab437f88319f5cefc43bb2
1761439099768 1.0931402444839478 49 e7b971947aab437f88319f5cefc43bb2
1761439103915 1.0939925909042358 50 e7b971947aab437f88319f5cefc43bb2
1761439108357 1.0932002067565918 51 e7b971947aab437f88319f5cefc43bb2
1761439112538 1.0902540683746338 52 e7b971947aab437f88319f5cefc43bb2
1761439116427 1.0928832292556763 53 e7b971947aab437f88319f5cefc43bb2
1761439120384 1.092904806137085 54 e7b971947aab437f88319f5cefc43bb2
1761439124640 1.0897959470748901 55 e7b971947aab437f88319f5cefc43bb2
1761439128999 1.0960241556167603 56 e7b971947aab437f88319f5cefc43bb2
1761439133098 1.0889531373977661 57 e7b971947aab437f88319f5cefc43bb2
1761439137022 1.0927214622497559 58 e7b971947aab437f88319f5cefc43bb2
1761439141059 1.0897806882858276 59 e7b971947aab437f88319f5cefc43bb2
1761439145019 1.0873539447784424 60 e7b971947aab437f88319f5cefc43bb2
1761439149193 1.0877442359924316 61 e7b971947aab437f88319f5cefc43bb2
1761439153623 1.0836036205291748 62 e7b971947aab437f88319f5cefc43bb2
1761439157650 1.0917311906814575 63 e7b971947aab437f88319f5cefc43bb2
1761439161812 1.0884686708450317 64 e7b971947aab437f88319f5cefc43bb2
1761439165701 1.0851739645004272 65 e7b971947aab437f88319f5cefc43bb2
1761439169920 1.088710904121399 66 e7b971947aab437f88319f5cefc43bb2
1761439173773 1.0882517099380493 67 e7b971947aab437f88319f5cefc43bb2
1761439177618 1.0791542530059814 68 e7b971947aab437f88319f5cefc43bb2
1761439181842 1.0823549032211304 69 e7b971947aab437f88319f5cefc43bb2
1761439185744 1.083821177482605 70 e7b971947aab437f88319f5cefc43bb2
1761439189650 1.0887233018875122 71 e7b971947aab437f88319f5cefc43bb2
1761439193849 1.0876039266586304 72 e7b971947aab437f88319f5cefc43bb2
1761439197687 1.0913183689117432 73 e7b971947aab437f88319f5cefc43bb2
1761439201850 1.0881309509277344 74 e7b971947aab437f88319f5cefc43bb2
1761439205584 1.0807315111160278 75 e7b971947aab437f88319f5cefc43bb2
1761439209344 1.0904457569122314 76 e7b971947aab437f88319f5cefc43bb2
1761439213460 1.0868968963623047 77 e7b971947aab437f88319f5cefc43bb2
1761439217427 1.0769952535629272 78 e7b971947aab437f88319f5cefc43bb2
1761439221608 1.075971007347107 79 e7b971947aab437f88319f5cefc43bb2
1761439226450 1.0735013484954834 80 e7b971947aab437f88319f5cefc43bb2
1761439230377 1.0649598836898804 81 e7b971947aab437f88319f5cefc43bb2
1761439234609 1.077600359916687 82 e7b971947aab437f88319f5cefc43bb2
1761439238715 1.0785928964614868 83 e7b971947aab437f88319f5cefc43bb2
1761439242380 1.0729213953018188 84 e7b971947aab437f88319f5cefc43bb2
1761439246400 1.070170283317566 85 e7b971947aab437f88319f5cefc43bb2
1761439250212 1.0767309665679932 86 e7b971947aab437f88319f5cefc43bb2
1761439254148 1.0719709396362305 87 e7b971947aab437f88319f5cefc43bb2
1761439257837 1.06992769241333 88 e7b971947aab437f88319f5cefc43bb2
1761439261785 1.063815712928772 89 e7b971947aab437f88319f5cefc43bb2
1761439265988 1.0721254348754883 90 e7b971947aab437f88319f5cefc43bb2
1761439269785 1.0684583187103271 91 e7b971947aab437f88319f5cefc43bb2
1761439273821 1.0654125213623047 92 e7b971947aab437f88319f5cefc43bb2
1761439278209 1.0639950037002563 93 e7b971947aab437f88319f5cefc43bb2
1761439282861 1.0556477308273315 94 e7b971947aab437f88319f5cefc43bb2
1761439287302 1.0496186017990112 95 e7b971947aab437f88319f5cefc43bb2
1761439291152 1.0640690326690674 96 e7b971947aab437f88319f5cefc43bb2
1761439294783 1.0577056407928467 97 e7b971947aab437f88319f5cefc43bb2
1761439298696 1.0634396076202393 98 e7b971947aab437f88319f5cefc43bb2
1761439302672 1.0459704399108887 99 e7b971947aab437f88319f5cefc43bb2
1761438889609 2.9910662174224854 0 e7b971947aab437f88319f5cefc43bb2
