1761450585414 0.2794319689273834 0 5195955d59ae48e9a54c97b938b6b273
1761450594380 0.35043516755104065 1 5195955d59ae48e9a54c97b938b6b273
1761450602664 0.3101236820220947 2 5195955d59ae48e9a54c97b938b6b273
1761450612245 0.5180943608283997 3 5195955d59ae48e9a54c97b938b6b273
1761450619517 0.5318369269371033 4 5195955d59ae48e9a54c97b938b6b273
1761450627274 0.5116811990737915 5 5195955d59ae48e9a54c97b938b6b273
1761450633843 0.5231332778930664 6 5195955d59ae48e9a54c97b938b6b273
1761450640929 0.6097114086151123 7 5195955d59ae48e9a54c97b938b6b273
1761450647539 0.6032981872558594 8 5195955d59ae48e9a54c97b938b6b273
1761450654018 0.6706367135047913 9 5195955d59ae48e9a54c97b938b6b273
1761450661314 0.5446633100509644 10 5195955d59ae48e9a54c97b938b6b273
1761450668177 0.2601923942565918 11 5195955d59ae48e9a54c97b938b6b273
1761450677568 0.2391204833984375 12 5195955d59ae48e9a54c97b938b6b273
1761450684634 0.18415024876594543 13 5195955d59ae48e9a54c97b938b6b273
1761450691375 0.1736142933368683 14 5195955d59ae48e9a54c97b938b6b273
1761450697680 0.1736142933368683 15 5195955d59ae48e9a54c97b938b6b273
1761450703737 0.1736142933368683 16 5195955d59ae48e9a54c97b938b6b273
1761450710067 0.1736142933368683 17 5195955d59ae48e9a54c97b938b6b273
1761450716354 0.1736142933368683 18 5195955d59ae48e9a54c97b938b6b273
1761450722327 0.17682088911533356 19 5195955d59ae48e9a54c97b938b6b273
1761450728354 0.19697663187980652 20 5195955d59ae48e9a54c97b938b6b273
1761450735025 0.2166742980480194 21 5195955d59ae48e9a54c97b938b6b273
1761450741078 0.27897387742996216 22 5195955d59ae48e9a54c97b938b6b273
1761450747051 0.23820430040359497 23 5195955d59ae48e9a54c97b938b6b273
1761450753323 0.19331195950508118 24 5195955d59ae48e9a54c97b938b6b273
1761450759642 0.16124598681926727 25 5195955d59ae48e9a54c97b938b6b273
1761450765666 0.18277598917484283 26 5195955d59ae48e9a54c97b938b6b273
1761450771660 0.1942281275987625 27 5195955d59ae48e9a54c97b938b6b273
1761450777956 0.17956939339637756 28 5195955d59ae48e9a54c97b938b6b273
1761450585414 0.2794319689273834 0 5195955d59ae48e9a54c97b938b6b273
