1761525768183 0.34299731254577637 0
1761525768429 0.38001784682273865 1
1761525768728 0.4094558358192444 2
1761525768984 0.39295271039009094 3
1761525769222 0.401427298784256 4
1761525769475 0.40900981426239014 5
1761525769729 0.40811774134635925 6
1761525769975 0.40410348773002625 7
1761525770225 0.4125780463218689 8
1761525770472 0.4148082137107849 9
1761525770721 0.43309545516967773 10
1761525770982 0.4157002568244934 11
1761525771227 0.4045495092868805 12
1761525771490 0.4148082137107849 13
1761525771740 0.4134701192378998 14
1761525771986 0.4174844026565552 15
1761525768183 0.34299731254577637 0
