1761433113053 0.31540894508361816 0 6539e45636b346589d3ea2c6648d329e
1761433113827 0.45865342020988464 1 6539e45636b346589d3ea2c6648d329e
1761433114560 0.43244463205337524 2 6539e45636b346589d3ea2c6648d329e
1761433115361 0.43244463205337524 3 6539e45636b346589d3ea2c6648d329e
1761433116247 0.4563940465450287 4 6539e45636b346589d3ea2c6648d329e
1761433117309 0.4554902911186218 5 6539e45636b346589d3ea2c6648d329e
1761433118432 0.460460901260376 6 6539e45636b346589d3ea2c6648d329e
1761433119138 0.47356531023979187 7 6539e45636b346589d3ea2c6648d329e
1761433119783 0.4654315412044525 8 6539e45636b346589d3ea2c6648d329e
1761433120393 0.4758246839046478 9 6539e45636b346589d3ea2c6648d329e
1761433120986 0.45006778836250305 10 6539e45636b346589d3ea2c6648d329e
1761433121584 0.4622684121131897 11 6539e45636b346589d3ea2c6648d329e
1761433122300 0.5020334124565125 12 6539e45636b346589d3ea2c6648d329e
1761433122932 0.46452778577804565 13 6539e45636b346589d3ea2c6648d329e
1761433113053 0.31540894508361816 0 6539e45636b346589d3ea2c6648d329e
