1761525733934 0.3795718252658844 0 359597ff04bf46bc91aadf9f2c4d7b2f
1761525734190 0.40321141481399536 1 359597ff04bf46bc91aadf9f2c4d7b2f
1761525734625 0.407671719789505 2 359597ff04bf46bc91aadf9f2c4d7b2f
1761525734994 0.4277430772781372 3 359597ff04bf46bc91aadf9f2c4d7b2f
1761525735583 0.435771644115448 4 359597ff04bf46bc91aadf9f2c4d7b2f
1761525735995 0.4469223916530609 5 359597ff04bf46bc91aadf9f2c4d7b2f
1761525736323 0.45450490713119507 6 359597ff04bf46bc91aadf9f2c4d7b2f
1761525736746 0.46342551708221436 7 359597ff04bf46bc91aadf9f2c4d7b2f
1761525737284 0.44424620270729065 8 359597ff04bf46bc91aadf9f2c4d7b2f
1761525737589 0.4549509286880493 9 359597ff04bf46bc91aadf9f2c4d7b2f
1761525737871 0.4495985805988312 10 359597ff04bf46bc91aadf9f2c4d7b2f
1761525738261 0.465655654668808 11 359597ff04bf46bc91aadf9f2c4d7b2f
1761525738641 0.4696699380874634 12 359597ff04bf46bc91aadf9f2c4d7b2f
1761525739069 0.4647636115550995 13 359597ff04bf46bc91aadf9f2c4d7b2f
1761525739387 0.46743980050086975 14 359597ff04bf46bc91aadf9f2c4d7b2f
1761525739679 0.46119534969329834 15 359597ff04bf46bc91aadf9f2c4d7b2f
1761525739975 0.48438894748687744 16 359597ff04bf46bc91aadf9f2c4d7b2f
1761525740393 0.48840320110321045 17 359597ff04bf46bc91aadf9f2c4d7b2f
1761525740816 0.4808206856250763 18 359597ff04bf46bc91aadf9f2c4d7b2f
1761525741109 0.47636038064956665 19 359597ff04bf46bc91aadf9f2c4d7b2f
1761525733934 0.3795718252658844 0 359597ff04bf46bc91aadf9f2c4d7b2f
