1761525733934 0.0010000000474974513 0 359597ff04bf46bc91aadf9f2c4d7b2f
1761525734190 0.0010000000474974513 1 359597ff04bf46bc91aadf9f2c4d7b2f
1761525734625 0.0010000000474974513 2 359597ff04bf46bc91aadf9f2c4d7b2f
1761525734994 0.0010000000474974513 3 359597ff04bf46bc91aadf9f2c4d7b2f
1761525735583 0.0010000000474974513 4 359597ff04bf46bc91aadf9f2c4d7b2f
1761525735995 0.0010000000474974513 5 359597ff04bf46bc91aadf9f2c4d7b2f
1761525736323 0.0010000000474974513 6 359597ff04bf46bc91aadf9f2c4d7b2f
1761525736746 0.0010000000474974513 7 359597ff04bf46bc91aadf9f2c4d7b2f
1761525737284 0.0010000000474974513 8 359597ff04bf46bc91aadf9f2c4d7b2f
1761525737589 0.0010000000474974513 9 359597ff04bf46bc91aadf9f2c4d7b2f
1761525737871 0.0005000000237487257 10 359597ff04bf46bc91aadf9f2c4d7b2f
1761525738261 0.0005000000237487257 11 359597ff04bf46bc91aadf9f2c4d7b2f
1761525738641 0.0005000000237487257 12 359597ff04bf46bc91aadf9f2c4d7b2f
1761525739069 0.0005000000237487257 13 359597ff04bf46bc91aadf9f2c4d7b2f
1761525739387 0.0005000000237487257 14 359597ff04bf46bc91aadf9f2c4d7b2f
1761525739679 0.0002500000118743628 15 359597ff04bf46bc91aadf9f2c4d7b2f
1761525739975 0.0002500000118743628 16 359597ff04bf46bc91aadf9f2c4d7b2f
1761525740393 0.0002500000118743628 17 359597ff04bf46bc91aadf9f2c4d7b2f
1761525740816 0.0002500000118743628 18 359597ff04bf46bc91aadf9f2c4d7b2f
1761525741109 0.0002500000118743628 19 359597ff04bf46bc91aadf9f2c4d7b2f
1761525733934 0.0010000000474974513 0 359597ff04bf46bc91aadf9f2c4d7b2f
