1761525733934 1.7521135807037354 0 359597ff04bf46bc91aadf9f2c4d7b2f
1761525734190 1.4892609119415283 1 359597ff04bf46bc91aadf9f2c4d7b2f
1761525734625 1.4049606323242188 2 359597ff04bf46bc91aadf9f2c4d7b2f
1761525734994 1.3070214986801147 3 359597ff04bf46bc91aadf9f2c4d7b2f
1761525735583 1.2194571495056152 4 359597ff04bf46bc91aadf9f2c4d7b2f
1761525735995 1.2442469596862793 5 359597ff04bf46bc91aadf9f2c4d7b2f
1761525736323 1.2216724157333374 6 359597ff04bf46bc91aadf9f2c4d7b2f
1761525736746 1.2105367183685303 7 359597ff04bf46bc91aadf9f2c4d7b2f
1761525737284 1.1933192014694214 8 359597ff04bf46bc91aadf9f2c4d7b2f
1761525737589 1.2053911685943604 9 359597ff04bf46bc91aadf9f2c4d7b2f
1761525737871 1.1610186100006104 10 359597ff04bf46bc91aadf9f2c4d7b2f
1761525738261 1.1786625385284424 11 359597ff04bf46bc91aadf9f2c4d7b2f
1761525738641 1.1482510566711426 12 359597ff04bf46bc91aadf9f2c4d7b2f
1761525739069 1.1460446119308472 13 359597ff04bf46bc91aadf9f2c4d7b2f
1761525739387 1.1429537534713745 14 359597ff04bf46bc91aadf9f2c4d7b2f
1761525739679 1.1384427547454834 15 359597ff04bf46bc91aadf9f2c4d7b2f
1761525739975 1.1242059469223022 16 359597ff04bf46bc91aadf9f2c4d7b2f
1761525740393 1.139878273010254 17 359597ff04bf46bc91aadf9f2c4d7b2f
1761525740816 1.124294400215149 18 359597ff04bf46bc91aadf9f2c4d7b2f
1761525741109 1.1422721147537231 19 359597ff04bf46bc91aadf9f2c4d7b2f
1761525733934 1.7521135807037354 0 359597ff04bf46bc91aadf9f2c4d7b2f
