1761525800559 0.365115225315094 0 5f31b5a614fb4ec183d85cb414d9a205
1761525801812 0.3610483407974243 1 5f31b5a614fb4ec183d85cb414d9a205
1761525803109 0.4188883900642395 2 5f31b5a614fb4ec183d85cb414d9a205
1761525806190 0.42702212929725647 3 5f31b5a614fb4ec183d85cb414d9a205
1761525807798 0.43244463205337524 4 5f31b5a614fb4ec183d85cb414d9a205
1761525809432 0.4247627556324005 5 5f31b5a614fb4ec183d85cb414d9a205
1761525810864 0.4568459093570709 6 5f31b5a614fb4ec183d85cb414d9a205
1761525812512 0.41120651364326477 7 5f31b5a614fb4ec183d85cb414d9a205
1761525814586 0.5038409233093262 8 5f31b5a614fb4ec183d85cb414d9a205
1761525816319 0.43380028009414673 9 5f31b5a614fb4ec183d85cb414d9a205
1761525817646 0.4722096621990204 10 5f31b5a614fb4ec183d85cb414d9a205
1761525819684 0.4916402995586395 11 5f31b5a614fb4ec183d85cb414d9a205
1761525821818 0.4740171730518341 12 5f31b5a614fb4ec183d85cb414d9a205
1761525824391 0.4554902911186218 13 5f31b5a614fb4ec183d85cb414d9a205
1761525826360 0.5042927861213684 14 5f31b5a614fb4ec183d85cb414d9a205
1761525827820 0.47763216495513916 15 5f31b5a614fb4ec183d85cb414d9a205
1761525829471 0.49480342864990234 16 5f31b5a614fb4ec183d85cb414d9a205
1761525831758 0.5015815496444702 17 5f31b5a614fb4ec183d85cb414d9a205
1761525833176 0.4984184503555298 18 5f31b5a614fb4ec183d85cb414d9a205
1761525800559 0.365115225315094 0 5f31b5a614fb4ec183d85cb414d9a205
