1761525800559 0.0010000000474974513 0 5f31b5a614fb4ec183d85cb414d9a205
1761525801812 0.0010000000474974513 1 5f31b5a614fb4ec183d85cb414d9a205
1761525803109 0.0010000000474974513 2 5f31b5a614fb4ec183d85cb414d9a205
1761525806190 0.0010000000474974513 3 5f31b5a614fb4ec183d85cb414d9a205
1761525807798 0.0010000000474974513 4 5f31b5a614fb4ec183d85cb414d9a205
1761525809432 0.0010000000474974513 5 5f31b5a614fb4ec183d85cb414d9a205
1761525810864 0.0010000000474974513 6 5f31b5a614fb4ec183d85cb414d9a205
1761525812512 0.0010000000474974513 7 5f31b5a614fb4ec183d85cb414d9a205
1761525814586 0.0010000000474974513 8 5f31b5a614fb4ec183d85cb414d9a205
1761525816319 0.0005000000237487257 9 5f31b5a614fb4ec183d85cb414d9a205
1761525817646 0.0005000000237487257 10 5f31b5a614fb4ec183d85cb414d9a205
1761525819684 0.0005000000237487257 11 5f31b5a614fb4ec183d85cb414d9a205
1761525821818 0.0005000000237487257 12 5f31b5a614fb4ec183d85cb414d9a205
1761525824391 0.0005000000237487257 13 5f31b5a614fb4ec183d85cb414d9a205
1761525826360 0.0002500000118743628 14 5f31b5a614fb4ec183d85cb414d9a205
1761525827820 0.0002500000118743628 15 5f31b5a614fb4ec183d85cb414d9a205
1761525829471 0.0002500000118743628 16 5f31b5a614fb4ec183d85cb414d9a205
1761525831758 0.0002500000118743628 17 5f31b5a614fb4ec183d85cb414d9a205
1761525833176 0.0002500000118743628 18 5f31b5a614fb4ec183d85cb414d9a205
1761525800559 0.0010000000474974513 0 5f31b5a614fb4ec183d85cb414d9a205
