1761432869108 0.3884924054145813 0 15e5d326de5f4469ada43a4e71fb5ad9
1761432869254 0.43220338225364685 1 15e5d326de5f4469ada43a4e71fb5ad9
1761432869431 0.48438894748687744 2 15e5d326de5f4469ada43a4e71fb5ad9
1761432869608 0.4638715386390686 3 15e5d326de5f4469ada43a4e71fb5ad9
1761432869768 0.4950936734676361 4 15e5d326de5f4469ada43a4e71fb5ad9
1761432869924 0.4647636115550995 5 15e5d326de5f4469ada43a4e71fb5ad9
1761432870084 0.48661908507347107 6 15e5d326de5f4469ada43a4e71fb5ad9
1761432870395 0.506244421005249 7 15e5d326de5f4469ada43a4e71fb5ad9
1761432870552 0.49776986241340637 8 15e5d326de5f4469ada43a4e71fb5ad9
1761432869108 0.3884924054145813 0 15e5d326de5f4469ada43a4e71fb5ad9
