1761450542229 0.40722569823265076 0 00ab2522ef43497f952e971640b01145
1761450542524 0.4446922242641449 1 00ab2522ef43497f952e971640b01145
1761450542811 0.4157002568244934 2 00ab2522ef43497f952e971640b01145
1761450543136 0.4696699380874634 3 00ab2522ef43497f952e971640b01145
1761450543429 0.4487065076828003 4 00ab2522ef43497f952e971640b01145
1761450543707 0.44603031873703003 5 00ab2522ef43497f952e971640b01145
1761450543970 0.465655654668808 6 00ab2522ef43497f952e971640b01145
1761450544277 0.4942016005516052 7 00ab2522ef43497f952e971640b01145
1761450544587 0.47636038064956665 8 00ab2522ef43497f952e971640b01145
1761450544829 0.42194467782974243 9 00ab2522ef43497f952e971640b01145
1761450545095 0.4897412955760956 10 00ab2522ef43497f952e971640b01145
1761450545364 0.46253344416618347 11 00ab2522ef43497f952e971640b01145
1761450545613 0.45941123366355896 12 00ab2522ef43497f952e971640b01145
1761450545852 0.4438001811504364 13 00ab2522ef43497f952e971640b01145
1761450546101 0.43710970878601074 14 00ab2522ef43497f952e971640b01145
1761450546344 0.41391614079475403 15 00ab2522ef43497f952e971640b01145
1761450546730 0.4701159596443176 16 00ab2522ef43497f952e971640b01145
1761450547024 0.44603031873703003 17 00ab2522ef43497f952e971640b01145
1761450547262 0.4206066131591797 18 00ab2522ef43497f952e971640b01145
1761450547511 0.4607493281364441 19 00ab2522ef43497f952e971640b01145
1761450547749 0.47725245356559753 20 00ab2522ef43497f952e971640b01145
1761450547989 0.4415700137615204 21 00ab2522ef43497f952e971640b01145
1761450542229 0.40722569823265076 0 00ab2522ef43497f952e971640b01145
