1761451140870 0.37284180521965027 0 456de3cb55d044ab819871c798796ea7
1761451154949 0.3607092797756195 1 456de3cb55d044ab819871c798796ea7
1761451169601 0.19598694145679474 2 456de3cb55d044ab819871c798796ea7
1761451183677 0.15912272036075592 3 456de3cb55d044ab819871c798796ea7
1761451196098 0.31824544072151184 4 456de3cb55d044ab819871c798796ea7
1761451214308 0.4853009879589081 5 456de3cb55d044ab819871c798796ea7
1761451291030 0.5235651135444641 6 456de3cb55d044ab819871c798796ea7
1761451325606 0.5884274244308472 7 456de3cb55d044ab819871c798796ea7
1761451344558 0.5604292750358582 8 456de3cb55d044ab819871c798796ea7
1761451360723 0.5370975136756897 9 456de3cb55d044ab819871c798796ea7
1761451375129 0.501166582107544 10 456de3cb55d044ab819871c798796ea7
1761451392290 0.5039663910865784 11 456de3cb55d044ab819871c798796ea7
1761451406584 0.6070928573608398 12 456de3cb55d044ab819871c798796ea7
1761451140870 0.37284180521965027 0 456de3cb55d044ab819871c798796ea7
