1761451140870 4.435918807983398 0 456de3cb55d044ab819871c798796ea7
1761451154949 1.220945954322815 1 456de3cb55d044ab819871c798796ea7
1761451169601 1.1210863590240479 2 456de3cb55d044ab819871c798796ea7
1761451183677 1.099877953529358 3 456de3cb55d044ab819871c798796ea7
1761451196098 1.0966659784317017 4 456de3cb55d044ab819871c798796ea7
1761451214308 1.0952808856964111 5 456de3cb55d044ab819871c798796ea7
1761451291030 1.0977368354797363 6 456de3cb55d044ab819871c798796ea7
1761451325606 1.0987684726715088 7 456de3cb55d044ab819871c798796ea7
1761451344558 1.0976229906082153 8 456de3cb55d044ab819871c798796ea7
1761451360723 1.0957638025283813 9 456de3cb55d044ab819871c798796ea7
1761451375129 1.0954989194869995 10 456de3cb55d044ab819871c798796ea7
1761451392290 1.0982751846313477 11 456de3cb55d044ab819871c798796ea7
1761451406584 1.0965591669082642 12 456de3cb55d044ab819871c798796ea7
1761451140870 4.435918807983398 0 456de3cb55d044ab819871c798796ea7
