1761452228273 0.35650956630706787 0 1076288b591b4c989b8d3090c2f4168e
1761452239970 0.2697153389453888 1 1076288b591b4c989b8d3090c2f4168e
1761452252505 0.30331310629844666 2 1076288b591b4c989b8d3090c2f4168e
1761452264982 0.20905272662639618 3 1076288b591b4c989b8d3090c2f4168e
1761452279228 0.1413905769586563 4 1076288b591b4c989b8d3090c2f4168e
1761452298936 0.14092393219470978 5 1076288b591b4c989b8d3090c2f4168e
1761452343469 0.14092393219470978 6 1076288b591b4c989b8d3090c2f4168e
1761452362546 0.14092393219470978 7 1076288b591b4c989b8d3090c2f4168e
1761452379147 0.14092393219470978 8 1076288b591b4c989b8d3090c2f4168e
1761452395165 0.14092393219470978 9 1076288b591b4c989b8d3090c2f4168e
1761452407746 0.14092393219470978 10 1076288b591b4c989b8d3090c2f4168e
1761452424780 0.14092393219470978 11 1076288b591b4c989b8d3090c2f4168e
1761452228273 0.35650956630706787 0 1076288b591b4c989b8d3090c2f4168e
