1761452228273 3.140221118927002 0 1076288b591b4c989b8d3090c2f4168e
1761452239970 1.1901320219039917 1 1076288b591b4c989b8d3090c2f4168e
1761452252505 1.108335256576538 2 1076288b591b4c989b8d3090c2f4168e
1761452264982 1.1001876592636108 3 1076288b591b4c989b8d3090c2f4168e
1761452279228 1.0992921590805054 4 1076288b591b4c989b8d3090c2f4168e
1761452298936 1.0987489223480225 5 1076288b591b4c989b8d3090c2f4168e
1761452343469 1.0986734628677368 6 1076288b591b4c989b8d3090c2f4168e
1761452362546 1.0986186265945435 7 1076288b591b4c989b8d3090c2f4168e
1761452379147 1.0986030101776123 8 1076288b591b4c989b8d3090c2f4168e
1761452395165 1.0987643003463745 9 1076288b591b4c989b8d3090c2f4168e
1761452407746 1.0986740589141846 10 1076288b591b4c989b8d3090c2f4168e
1761452424780 1.0987333059310913 11 1076288b591b4c989b8d3090c2f4168e
1761452228273 3.140221118927002 0 1076288b591b4c989b8d3090c2f4168e
