1761525800559 0.0010000000474974513 0
1761525801812 0.0010000000474974513 1
1761525803109 0.0010000000474974513 2
1761525806190 0.0010000000474974513 3
1761525807798 0.0010000000474974513 4
1761525809432 0.0010000000474974513 5
1761525810864 0.0010000000474974513 6
1761525812512 0.0010000000474974513 7
1761525814586 0.0010000000474974513 8
1761525816319 0.0005000000237487257 9
1761525817646 0.0005000000237487257 10
1761525819684 0.0005000000237487257 11
1761525821818 0.0005000000237487257 12
1761525824391 0.0005000000237487257 13
1761525826360 0.0002500000118743628 14
1761525827820 0.0002500000118743628 15
1761525829471 0.0002500000118743628 16
1761525831758 0.0002500000118743628 17
1761525833176 0.0002500000118743628 18
1761525800559 0.0010000000474974513 0
