1761525800559 1.2937690019607544 0
1761525801812 1.211925983428955 1
1761525803109 1.164401650428772 2
1761525806190 1.1243350505828857 3
1761525807798 1.132453441619873 4
1761525809432 1.1270725727081299 5
1761525810864 1.1161174774169922 6
1761525812512 1.100476622581482 7
1761525814586 1.1016581058502197 8
1761525816319 1.0930335521697998 9
1761525817646 1.0823519229888916 10
1761525819684 1.0735996961593628 11
1761525821818 1.0576645135879517 12
1761525824391 1.0657243728637695 13
1761525826360 1.044404149055481 14
1761525827820 1.05636727809906 15
1761525829471 1.0337986946105957 16
1761525831758 1.0317885875701904 17
1761525833176 1.0343507528305054 18
1761525800559 1.2937690019607544 0
