1761525704429 0.3514719009399414 0
1761525704607 0.40900981426239014 1
1761525704843 0.4174844026565552 2
1761525705018 0.4116860032081604 3
1761525705206 0.4259589612483978 4
1761525705392 0.45941123366355896 5
1761525705563 0.43933987617492676 6
1761525705762 0.4567350447177887 7
1761525705951 0.45851919054985046 8
1761525706147 0.45539698004722595 9
1761525706438 0.4620874226093292 10
1761525706690 0.44736841320991516 11
1761525706970 0.4696699380874634 12
1761525707221 0.47145405411720276 13
1761525707446 0.4669937491416931 14
1761525707744 0.471900075674057 15
1761525707962 0.48661908507347107 16
1761525708217 0.47234612703323364 17
1761525704429 0.3514719009399414 0
