1761506264669 0.407671719789505 0 b91ada4d56ac40d2ac40beaf17ff7414
1761506264883 0.37109723687171936 1 b91ada4d56ac40d2ac40beaf17ff7414
1761506265135 0.4085637927055359 2 b91ada4d56ac40d2ac40beaf17ff7414
1761506265481 0.4005352258682251 3 b91ada4d56ac40d2ac40beaf17ff7414
1761506265904 0.42908117175102234 4 b91ada4d56ac40d2ac40beaf17ff7414
1761506266304 0.45316681265830994 5 b91ada4d56ac40d2ac40beaf17ff7414
1761506266994 0.45138269662857056 6 b91ada4d56ac40d2ac40beaf17ff7414
1761506267240 0.46342551708221436 7 b91ada4d56ac40d2ac40beaf17ff7414
1761506267576 0.465655654668808 8 b91ada4d56ac40d2ac40beaf17ff7414
1761506267964 0.47145405411720276 9 b91ada4d56ac40d2ac40beaf17ff7414
1761506268300 0.4388938546180725 10 b91ada4d56ac40d2ac40beaf17ff7414
1761506268633 0.5049063563346863 11 b91ada4d56ac40d2ac40beaf17ff7414
1761506269420 0.46922391653060913 12 b91ada4d56ac40d2ac40beaf17ff7414
1761506269844 0.4897412955760956 13 b91ada4d56ac40d2ac40beaf17ff7414
1761506270545 0.42016056180000305 14 b91ada4d56ac40d2ac40beaf17ff7414
1761506270940 0.4808206856250763 15 b91ada4d56ac40d2ac40beaf17ff7414
1761506271440 0.5120428204536438 16 b91ada4d56ac40d2ac40beaf17ff7414
1761506271843 0.4589652121067047 17 b91ada4d56ac40d2ac40beaf17ff7414
1761506272497 0.4701159596443176 18 b91ada4d56ac40d2ac40beaf17ff7414
1761506272741 0.4478144645690918 19 b91ada4d56ac40d2ac40beaf17ff7414
1761506273052 0.4620874226093292 20 b91ada4d56ac40d2ac40beaf17ff7414
1761506273310 0.46743980050086975 21 b91ada4d56ac40d2ac40beaf17ff7414
1761506273546 0.45138269662857056 22 b91ada4d56ac40d2ac40beaf17ff7414
1761506273853 0.4527207911014557 23 b91ada4d56ac40d2ac40beaf17ff7414
1761506274071 0.4946476221084595 24 b91ada4d56ac40d2ac40beaf17ff7414
1761506274317 0.4478144645690918 25 b91ada4d56ac40d2ac40beaf17ff7414
1761506274612 0.4799286425113678 26 b91ada4d56ac40d2ac40beaf17ff7414
1761506275210 0.43933987617492676 27 b91ada4d56ac40d2ac40beaf17ff7414
1761506275414 0.45316681265830994 28 b91ada4d56ac40d2ac40beaf17ff7414
1761506275724 0.46833184361457825 29 b91ada4d56ac40d2ac40beaf17ff7414
1761506275930 0.4536128342151642 30 b91ada4d56ac40d2ac40beaf17ff7414
1761506264669 0.407671719789505 0 b91ada4d56ac40d2ac40beaf17ff7414
