1761525704429 0.0010000000474974513 0 51a9246eeefd469bbf7e0dab39c6787c
1761525704607 0.0010000000474974513 1 51a9246eeefd469bbf7e0dab39c6787c
1761525704843 0.0010000000474974513 2 51a9246eeefd469bbf7e0dab39c6787c
1761525705018 0.0010000000474974513 3 51a9246eeefd469bbf7e0dab39c6787c
1761525705206 0.0010000000474974513 4 51a9246eeefd469bbf7e0dab39c6787c
1761525705392 0.0010000000474974513 5 51a9246eeefd469bbf7e0dab39c6787c
1761525705563 0.0010000000474974513 6 51a9246eeefd469bbf7e0dab39c6787c
1761525705762 0.0010000000474974513 7 51a9246eeefd469bbf7e0dab39c6787c
1761525705951 0.0005000000237487257 8 51a9246eeefd469bbf7e0dab39c6787c
1761525706147 0.0005000000237487257 9 51a9246eeefd469bbf7e0dab39c6787c
1761525706438 0.0005000000237487257 10 51a9246eeefd469bbf7e0dab39c6787c
1761525706690 0.0005000000237487257 11 51a9246eeefd469bbf7e0dab39c6787c
1761525706970 0.0005000000237487257 12 51a9246eeefd469bbf7e0dab39c6787c
1761525707221 0.0002500000118743628 13 51a9246eeefd469bbf7e0dab39c6787c
1761525707446 0.0002500000118743628 14 51a9246eeefd469bbf7e0dab39c6787c
1761525707744 0.0002500000118743628 15 51a9246eeefd469bbf7e0dab39c6787c
1761525707962 0.0002500000118743628 16 51a9246eeefd469bbf7e0dab39c6787c
1761525708217 0.0002500000118743628 17 51a9246eeefd469bbf7e0dab39c6787c
1761525704429 0.0010000000474974513 0 51a9246eeefd469bbf7e0dab39c6787c
