1761525704429 1.6075993776321411 0 51a9246eeefd469bbf7e0dab39c6787c
1761525704607 1.354941487312317 1 51a9246eeefd469bbf7e0dab39c6787c
1761525704843 1.270740032196045 2 51a9246eeefd469bbf7e0dab39c6787c
1761525705018 1.2413952350616455 3 51a9246eeefd469bbf7e0dab39c6787c
1761525705206 1.2019197940826416 4 51a9246eeefd469bbf7e0dab39c6787c
1761525705392 1.160548210144043 5 51a9246eeefd469bbf7e0dab39c6787c
1761525705563 1.1749274730682373 6 51a9246eeefd469bbf7e0dab39c6787c
1761525705762 1.1210392713546753 7 51a9246eeefd469bbf7e0dab39c6787c
1761525705951 1.1143732070922852 8 51a9246eeefd469bbf7e0dab39c6787c
1761525706147 1.1291332244873047 9 51a9246eeefd469bbf7e0dab39c6787c
1761525706438 1.1055506467819214 10 51a9246eeefd469bbf7e0dab39c6787c
1761525706690 1.1306536197662354 11 51a9246eeefd469bbf7e0dab39c6787c
1761525706970 1.1192063093185425 12 51a9246eeefd469bbf7e0dab39c6787c
1761525707221 1.0903950929641724 13 51a9246eeefd469bbf7e0dab39c6787c
1761525707446 1.091116189956665 14 51a9246eeefd469bbf7e0dab39c6787c
1761525707744 1.091107964515686 15 51a9246eeefd469bbf7e0dab39c6787c
1761525707962 1.0760366916656494 16 51a9246eeefd469bbf7e0dab39c6787c
1761525708217 1.0973612070083618 17 51a9246eeefd469bbf7e0dab39c6787c
1761525704429 1.6075993776321411 0 51a9246eeefd469bbf7e0dab39c6787c
