1761451073665 0.37689563632011414 0 5bece523b9b84ee2992e134becaccfcb
1761451074615 0.4134701192378998 1 5bece523b9b84ee2992e134becaccfcb
1761451075110 0.41391614079475403 2 5bece523b9b84ee2992e134becaccfcb
1761451075774 0.4790365695953369 3 5bece523b9b84ee2992e134becaccfcb
1761451076263 0.4558430016040802 4 5bece523b9b84ee2992e134becaccfcb
1761451076650 0.4629794955253601 5 5bece523b9b84ee2992e134becaccfcb
1761451077004 0.46520963311195374 6 5bece523b9b84ee2992e134becaccfcb
1761451077360 0.4326494336128235 7 5bece523b9b84ee2992e134becaccfcb
1761451077896 0.5044602751731873 8 5bece523b9b84ee2992e134becaccfcb
1761451078471 0.4946476221084595 9 5bece523b9b84ee2992e134becaccfcb
1761451078917 0.4375557601451874 10 5bece523b9b84ee2992e134becaccfcb
1761451079213 0.47725245356559753 11 5bece523b9b84ee2992e134becaccfcb
1761451079505 0.45851919054985046 12 5bece523b9b84ee2992e134becaccfcb
1761451079801 0.4495985805988312 13 5bece523b9b84ee2992e134becaccfcb
1761451080152 0.4736842215061188 14 5bece523b9b84ee2992e134becaccfcb
1761451080459 0.4295271933078766 15 5bece523b9b84ee2992e134becaccfcb
1761451080726 0.4406779706478119 16 5bece523b9b84ee2992e134becaccfcb
1761451081851 0.4607493281364441 17 5bece523b9b84ee2992e134becaccfcb
1761451082450 0.47323817014694214 18 5bece523b9b84ee2992e134becaccfcb
1761451082838 0.502230167388916 19 5bece523b9b84ee2992e134becaccfcb
1761451083185 0.47859054803848267 20 5bece523b9b84ee2992e134becaccfcb
1761451073665 0.37689563632011414 0 5bece523b9b84ee2992e134becaccfcb
