1761451073665 1.238007664680481 0 5bece523b9b84ee2992e134becaccfcb
1761451074615 1.1205731630325317 1 5bece523b9b84ee2992e134becaccfcb
1761451075110 1.0836095809936523 2 5bece523b9b84ee2992e134becaccfcb
1761451075774 1.062113642692566 3 5bece523b9b84ee2992e134becaccfcb
1761451076263 1.073813557624817 4 5bece523b9b84ee2992e134becaccfcb
1761451076650 1.0695443153381348 5 5bece523b9b84ee2992e134becaccfcb
1761451077004 1.0684255361557007 6 5bece523b9b84ee2992e134becaccfcb
1761451077360 1.0629913806915283 7 5bece523b9b84ee2992e134becaccfcb
1761451077896 1.0636107921600342 8 5bece523b9b84ee2992e134becaccfcb
1761451078471 1.0636515617370605 9 5bece523b9b84ee2992e134becaccfcb
1761451078917 1.053097128868103 10 5bece523b9b84ee2992e134becaccfcb
1761451079213 1.060715675354004 11 5bece523b9b84ee2992e134becaccfcb
1761451079505 1.055512547492981 12 5bece523b9b84ee2992e134becaccfcb
1761451079801 1.0399816036224365 13 5bece523b9b84ee2992e134becaccfcb
1761451080152 1.0457332134246826 14 5bece523b9b84ee2992e134becaccfcb
1761451080459 1.0612988471984863 15 5bece523b9b84ee2992e134becaccfcb
1761451080726 1.045600414276123 16 5bece523b9b84ee2992e134becaccfcb
1761451081851 1.0557187795639038 17 5bece523b9b84ee2992e134becaccfcb
1761451082450 1.039707899093628 18 5bece523b9b84ee2992e134becaccfcb
1761451082838 1.036041259765625 19 5bece523b9b84ee2992e134becaccfcb
1761451083185 1.0489757061004639 20 5bece523b9b84ee2992e134becaccfcb
1761451073665 1.238007664680481 0 5bece523b9b84ee2992e134becaccfcb
