1761438889609 0.3820430636405945 0
1761438894241 0.3499771058559418 1
1761438898837 0.19789281487464905 2
1761438902983 0.25377920269966125 3
1761438907262 0.4429683983325958 4
1761438911761 0.571232259273529 5
1761438916162 0.6023820638656616 6
1761438920679 0.5442052483558655 7
1761438925120 0.621163547039032 8
1761438930115 0.5455794930458069 9
1761438934743 0.5364177823066711 10
1761438938922 0.5597801208496094 11
1761438943314 0.5730645656585693 12
1761438947755 0.510765016078949 13
1761438952128 0.5487861037254333 14
1761438956859 0.5808520317077637 15
1761438961359 0.5419148206710815 16
1761438965616 0.5579477548599243 17
1761438970172 0.5442052483558655 18
1761438974529 0.5574896931648254 19
1761438979013 0.5451213717460632 20
1761438983567 0.666513979434967 21
1761438988206 0.6848374009132385 22
1761438992938 0.40494731068611145 23
1761438997559 0.1736142933368683 24
1761439001783 0.1736142933368683 25
1761439005804 0.4754924476146698 26
1761439010385 0.6142922639846802 27
1761439014614 0.5657352209091187 28
1761439018850 0.5474117994308472 29
1761439022769 0.5639029145240784 30
1761439026804 0.5588639378547668 31
1761439031020 0.5437471270561218 32
1761439034985 0.571232259273529 33
1761439039036 0.5698580145835876 34
1761439043106 0.5547412037849426 35
1761439047112 0.6610169410705566 36
1761439051068 0.6394869685173035 37
1761439055058 0.6165826916694641 38
1761439058975 0.5923041701316833 39
1761439063252 0.6133760809898376 40
1761439067389 0.5661932826042175 41
1761439071485 0.6312413811683655 42
1761439075329 0.6110856533050537 43
1761439079198 0.5286303162574768 44
1761439083525 0.6028401255607605 45
1761439087636 0.6028401255607605 46
1761439091768 0.5978012084960938 47
1761439095424 0.5817682147026062 48
1761439099768 0.6124598979949951 49
1761439103915 0.5941365361213684 50
1761439108357 0.6110856533050537 51
1761439112538 0.5877233147621155 52
1761439116427 0.6078790426254272 53
1761439120384 0.5849748253822327 54
1761439124640 0.6294090747833252 55
1761439128999 0.5506184101104736 56
1761439133098 0.6266605854034424 57
1761439137022 0.5680256485939026 58
1761439141059 0.6394869685173035 59
1761439145019 0.6161245703697205 60
1761439149193 0.5978012084960938 61
1761439153623 0.599633514881134 62
1761439157650 0.617040753364563 63
1761439161812 0.6087952256202698 64
1761439165701 0.6074209809303284 65
1761439169920 0.6174988746643066 66
1761439173773 0.6161245703697205 67
1761439177618 0.599633514881134 68
1761439181842 0.621163547039032 69
1761439185744 0.6257444024085999 70
1761439189650 0.6184149980545044 71
1761439193849 0.6165826916694641 72
1761439197687 0.6252862811088562 73
1761439201850 0.618873119354248 74
1761439205584 0.6207054257392883 75
1761439209344 0.6138342022895813 76
1761439213460 0.6106275916099548 77
1761439217427 0.6229958534240723 78
1761439221608 0.6426935195922852 79
1761439226450 0.6371965408325195 80
1761439230377 0.651397168636322 81
1761439234609 0.6582684516906738 82
1761439238715 0.6546037793159485 83
1761439242380 0.6491067409515381 84
1761439246400 0.6454420685768127 85
1761439250212 0.6610169410705566 86
1761439254148 0.6601007580757141 87
1761439257837 0.6532294750213623 88
1761439261785 0.6610169410705566 89
1761439265988 0.6692624688148499 90
1761439269785 0.6431516408920288 91
1761439273821 0.6628493070602417 92
1761439278209 0.6651397347450256 93
1761439282861 0.6655977964401245 94
1761439287302 0.6674301624298096 95
1761439291152 0.6775079965591431 96
1761439294783 0.6701786518096924 97
1761439298696 0.2940906882286072 98
1761439302672 0.6069629192352295 99
1761438889609 0.3820430636405945 0
