1761525891002 0.39349520206451416 0 10d2d40fc9ba4dda85b4ad4dd256fe2c
1761525895223 0.411360502243042 1 10d2d40fc9ba4dda85b4ad4dd256fe2c
1761525900262 0.3815849721431732 2 10d2d40fc9ba4dda85b4ad4dd256fe2c
1761525904397 0.4026568830013275 3 10d2d40fc9ba4dda85b4ad4dd256fe2c
1761525907646 0.38983049988746643 4 10d2d40fc9ba4dda85b4ad4dd256fe2c
1761525910878 0.4644984006881714 5 10d2d40fc9ba4dda85b4ad4dd256fe2c
1761525914587 0.42143839597702026 6 10d2d40fc9ba4dda85b4ad4dd256fe2c
1761525918985 0.43838754296302795 7 10d2d40fc9ba4dda85b4ad4dd256fe2c
1761525923771 0.4251030683517456 8 10d2d40fc9ba4dda85b4ad4dd256fe2c
1761525929545 0.4599175453186035 9 10d2d40fc9ba4dda85b4ad4dd256fe2c
1761525940828 0.44983968138694763 10 10d2d40fc9ba4dda85b4ad4dd256fe2c
1761525948962 0.4333485960960388 11 10d2d40fc9ba4dda85b4ad4dd256fe2c
1761525953629 0.459001362323761 12 10d2d40fc9ba4dda85b4ad4dd256fe2c
1761525957823 0.4544205367565155 13 10d2d40fc9ba4dda85b4ad4dd256fe2c
1761525962421 0.46495649218559265 14 10d2d40fc9ba4dda85b4ad4dd256fe2c
1761525965719 0.45533668994903564 15 10d2d40fc9ba4dda85b4ad4dd256fe2c
1761525969689 0.4461749792098999 16 10d2d40fc9ba4dda85b4ad4dd256fe2c
1761525891002 0.39349520206451416 0 10d2d40fc9ba4dda85b4ad4dd256fe2c
