1761525891002 1.271105408668518 0 10d2d40fc9ba4dda85b4ad4dd256fe2c
1761525895223 1.1770318746566772 1 10d2d40fc9ba4dda85b4ad4dd256fe2c
1761525900262 1.1793630123138428 2 10d2d40fc9ba4dda85b4ad4dd256fe2c
1761525904397 1.1584259271621704 3 10d2d40fc9ba4dda85b4ad4dd256fe2c
1761525907646 1.1352342367172241 4 10d2d40fc9ba4dda85b4ad4dd256fe2c
1761525910878 1.134320616722107 5 10d2d40fc9ba4dda85b4ad4dd256fe2c
1761525914587 1.1392301321029663 6 10d2d40fc9ba4dda85b4ad4dd256fe2c
1761525918985 1.1428321599960327 7 10d2d40fc9ba4dda85b4ad4dd256fe2c
1761525923771 1.10628342628479 8 10d2d40fc9ba4dda85b4ad4dd256fe2c
1761525929545 1.1069457530975342 9 10d2d40fc9ba4dda85b4ad4dd256fe2c
1761525940828 1.1045056581497192 10 10d2d40fc9ba4dda85b4ad4dd256fe2c
1761525948962 1.1027650833129883 11 10d2d40fc9ba4dda85b4ad4dd256fe2c
1761525953629 1.0867393016815186 12 10d2d40fc9ba4dda85b4ad4dd256fe2c
1761525957823 1.095897912979126 13 10d2d40fc9ba4dda85b4ad4dd256fe2c
1761525962421 1.083922028541565 14 10d2d40fc9ba4dda85b4ad4dd256fe2c
1761525965719 1.0938464403152466 15 10d2d40fc9ba4dda85b4ad4dd256fe2c
1761525969689 1.0924304723739624 16 10d2d40fc9ba4dda85b4ad4dd256fe2c
1761525891002 1.271105408668518 0 10d2d40fc9ba4dda85b4ad4dd256fe2c
