1761505562146 0.3269144594669342 0
1761505562929 0.3309449255466461 1
1761505563530 0.4876847267150879 2
1761505564054 0.47469770908355713 3
1761505564628 0.49932825565338135 4
1761505565220 0.5141065716743469 5
1761505565748 0.5203761458396912 6
1761505566332 0.4890282154083252 7
1761505566877 0.47604119777679443 8
1761505567455 0.5494849681854248 9
1761505568206 0.4702194333076477 10
1761505568742 0.5297805666923523 11
1761505569286 0.5763546824455261 12
1761505569830 0.5593371987342834 13
1761505570372 0.5499328374862671 14
1761505570920 0.38065382838249207 15
1761505571463 0.5705329179763794 16
1761505572027 0.5562024116516113 17
1761505572617 0.5893417000770569 18
1761505573164 0.5436632037162781 19
1761505573734 0.6032243371009827 20
1761505574278 0.5991939306259155 21
1761505574839 0.5055978298187256 22
1761505575435 0.6094939708709717 23
1761505575980 0.5776981711387634 24
1761505576534 0.38020598888397217 25
1761505562146 0.3269144594669342 0
