1761505562146 1.470620036125183 0
1761505562929 1.1341747045516968 1
1761505563530 1.1029554605484009 2
1761505564054 1.096877932548523 3
1761505564628 1.094220757484436 4
1761505565220 1.0920125246047974 5
1761505565748 1.0910700559616089 6
1761505566332 1.0850085020065308 7
1761505566877 1.0865541696548462 8
1761505567455 1.0781348943710327 9
1761505568206 1.0790574550628662 10
1761505568742 1.0803040266036987 11
1761505569286 1.078696370124817 12
1761505569830 1.0777578353881836 13
1761505570372 1.0783047676086426 14
1761505570920 1.0774974822998047 15
1761505571463 1.0697886943817139 16
1761505572027 1.0762556791305542 17
1761505572617 1.0759059190750122 18
1761505573164 1.0730053186416626 19
1761505573734 1.063917636871338 20
1761505574278 1.064680814743042 21
1761505574839 1.0676114559173584 22
1761505575435 1.0729049444198608 23
1761505575980 1.066502332687378 24
1761505576534 1.0674456357955933 25
1761505562146 1.470620036125183 0
