1761438857795 0.38983049988746643 0 1542d85c9c2b4f89909b3dc0c3a93dbd
1761438858004 0.435771644115448 1 1542d85c9c2b4f89909b3dc0c3a93dbd
1761438858193 0.4897412955760956 2 1542d85c9c2b4f89909b3dc0c3a93dbd
1761438858393 0.4759143590927124 3 1542d85c9c2b4f89909b3dc0c3a93dbd
1761438858591 0.4991079270839691 4 1542d85c9c2b4f89909b3dc0c3a93dbd
1761438858760 0.4638715386390686 5 1542d85c9c2b4f89909b3dc0c3a93dbd
1761438858941 0.4991079270839691 6 1542d85c9c2b4f89909b3dc0c3a93dbd
1761438859119 0.4388938546180725 7 1542d85c9c2b4f89909b3dc0c3a93dbd
1761438859303 0.48126673698425293 8 1542d85c9c2b4f89909b3dc0c3a93dbd
1761438859516 0.45450490713119507 9 1542d85c9c2b4f89909b3dc0c3a93dbd
1761438859696 0.46342551708221436 10 1542d85c9c2b4f89909b3dc0c3a93dbd
1761438860104 0.435771644115448 11 1542d85c9c2b4f89909b3dc0c3a93dbd
1761438860276 0.47725245356559753 12 1542d85c9c2b4f89909b3dc0c3a93dbd
1761438860453 0.4888492524623871 13 1542d85c9c2b4f89909b3dc0c3a93dbd
1761438860631 0.47948259115219116 14 1542d85c9c2b4f89909b3dc0c3a93dbd
1761438860804 0.4701159596443176 15 1542d85c9c2b4f89909b3dc0c3a93dbd
1761438860986 0.4277430772781372 16 1542d85c9c2b4f89909b3dc0c3a93dbd
1761438861171 0.4768064320087433 17 1542d85c9c2b4f89909b3dc0c3a93dbd
1761438861349 0.4504906237125397 18 1542d85c9c2b4f89909b3dc0c3a93dbd
1761438861532 0.46431756019592285 19 1542d85c9c2b4f89909b3dc0c3a93dbd
1761438861706 0.46253344416618347 20 1542d85c9c2b4f89909b3dc0c3a93dbd
1761438861887 0.4388938546180725 21 1542d85c9c2b4f89909b3dc0c3a93dbd
1761438862069 0.47546833753585815 22 1542d85c9c2b4f89909b3dc0c3a93dbd
1761438862244 0.43621766567230225 23 1542d85c9c2b4f89909b3dc0c3a93dbd
1761438862541 0.471900075674057 24 1542d85c9c2b4f89909b3dc0c3a93dbd
1761438862743 0.4576271176338196 25 1542d85c9c2b4f89909b3dc0c3a93dbd
1761438862926 0.43398749828338623 26 1542d85c9c2b4f89909b3dc0c3a93dbd
1761438863250 0.433541476726532 27 1542d85c9c2b4f89909b3dc0c3a93dbd
1761438863457 0.4710080325603485 28 1542d85c9c2b4f89909b3dc0c3a93dbd
1761438863630 0.47457626461982727 29 1542d85c9c2b4f89909b3dc0c3a93dbd
1761438863808 0.4576271176338196 30 1542d85c9c2b4f89909b3dc0c3a93dbd
1761438863990 0.4504906237125397 31 1542d85c9c2b4f89909b3dc0c3a93dbd
1761438857795 0.38983049988746643 0 1542d85c9c2b4f89909b3dc0c3a93dbd
