1761438857795 1.292760968208313 0 1542d85c9c2b4f89909b3dc0c3a93dbd
1761438858004 1.0988759994506836 1 1542d85c9c2b4f89909b3dc0c3a93dbd
1761438858193 1.0804613828659058 2 1542d85c9c2b4f89909b3dc0c3a93dbd
1761438858393 1.067307472229004 3 1542d85c9c2b4f89909b3dc0c3a93dbd
1761438858591 1.0685468912124634 4 1542d85c9c2b4f89909b3dc0c3a93dbd
1761438858760 1.0661206245422363 5 1542d85c9c2b4f89909b3dc0c3a93dbd
1761438858941 1.056982398033142 6 1542d85c9c2b4f89909b3dc0c3a93dbd
1761438859119 1.0601285696029663 7 1542d85c9c2b4f89909b3dc0c3a93dbd
1761438859303 1.0515224933624268 8 1542d85c9c2b4f89909b3dc0c3a93dbd
1761438859516 1.0461914539337158 9 1542d85c9c2b4f89909b3dc0c3a93dbd
1761438859696 1.056891679763794 10 1542d85c9c2b4f89909b3dc0c3a93dbd
1761438860104 1.0643742084503174 11 1542d85c9c2b4f89909b3dc0c3a93dbd
1761438860276 1.045536994934082 12 1542d85c9c2b4f89909b3dc0c3a93dbd
1761438860453 1.05155611038208 13 1542d85c9c2b4f89909b3dc0c3a93dbd
1761438860631 1.0463144779205322 14 1542d85c9c2b4f89909b3dc0c3a93dbd
1761438860804 1.045422077178955 15 1542d85c9c2b4f89909b3dc0c3a93dbd
1761438860986 1.0525691509246826 16 1542d85c9c2b4f89909b3dc0c3a93dbd
1761438861171 1.0502206087112427 17 1542d85c9c2b4f89909b3dc0c3a93dbd
1761438861349 1.0480318069458008 18 1542d85c9c2b4f89909b3dc0c3a93dbd
1761438861532 1.0473309755325317 19 1542d85c9c2b4f89909b3dc0c3a93dbd
1761438861706 1.039885401725769 20 1542d85c9c2b4f89909b3dc0c3a93dbd
1761438861887 1.040277361869812 21 1542d85c9c2b4f89909b3dc0c3a93dbd
1761438862069 1.047646164894104 22 1542d85c9c2b4f89909b3dc0c3a93dbd
1761438862244 1.0383654832839966 23 1542d85c9c2b4f89909b3dc0c3a93dbd
1761438862541 1.0454208850860596 24 1542d85c9c2b4f89909b3dc0c3a93dbd
1761438862743 1.0478887557983398 25 1542d85c9c2b4f89909b3dc0c3a93dbd
1761438862926 1.0464555025100708 26 1542d85c9c2b4f89909b3dc0c3a93dbd
1761438863250 1.039331316947937 27 1542d85c9c2b4f89909b3dc0c3a93dbd
1761438863457 1.0382108688354492 28 1542d85c9c2b4f89909b3dc0c3a93dbd
1761438863630 1.0372047424316406 29 1542d85c9c2b4f89909b3dc0c3a93dbd
1761438863808 1.0405220985412598 30 1542d85c9c2b4f89909b3dc0c3a93dbd
1761438863990 1.029954195022583 31 1542d85c9c2b4f89909b3dc0c3a93dbd
1761438857795 1.292760968208313 0 1542d85c9c2b4f89909b3dc0c3a93dbd
