1761506264669 1.236665964126587 0
1761506264883 1.125246524810791 1
1761506265135 1.0949273109436035 2
1761506265481 1.081405758857727 3
1761506265904 1.0838427543640137 4
1761506266304 1.08631432056427 5
1761506266994 1.0690275430679321 6
1761506267240 1.0679384469985962 7
1761506267576 1.0617988109588623 8
1761506267964 1.0641604661941528 9
1761506268300 1.061753511428833 10
1761506268633 1.0587549209594727 11
1761506269420 1.0542893409729004 12
1761506269844 1.0621674060821533 13
1761506270545 1.0686720609664917 14
1761506270940 1.0573982000350952 15
1761506271440 1.0588555335998535 16
1761506271843 1.0560545921325684 17
1761506272497 1.0534367561340332 18
1761506272741 1.0542072057724 19
1761506273052 1.0520176887512207 20
1761506273310 1.0533745288848877 21
1761506273546 1.0447906255722046 22
1761506273853 1.0484211444854736 23
1761506274071 1.0422217845916748 24
1761506274317 1.0496855974197388 25
1761506274612 1.0517998933792114 26
1761506275210 1.0544297695159912 27
1761506275414 1.0463523864746094 28
1761506275724 1.044532299041748 29
1761506275930 1.0456199645996094 30
1761506264669 1.236665964126587 0
