1761452151460 0.38715434074401855 0
1761452152072 0.4179304242134094 1
1761452152648 0.4438001811504364 2
1761452153215 0.42016056180000305 3
1761452153655 0.44424620270729065 4
1761452154079 0.4727921485900879 5
1761452154510 0.4487065076828003 6
1761452154958 0.41391614079475403 7
1761452155656 0.474130243062973 8
1761452156080 0.47323817014694214 9
1761452156519 0.4255129396915436 10
1761452156940 0.5160570740699768 11
1761452157362 0.471900075674057 12
1761452157839 0.4857270419597626 13
1761452158439 0.4558430016040802 14
1761452158954 0.49643176794052124 15
1761452159355 0.46520963311195374 16
1761452159773 0.4768064320087433 17
1761452160372 0.4540588855743408 18
1761452160844 0.46431756019592285 19
1761452161272 0.45851919054985046 20
1761452161710 0.4946476221084595 21
1761452162139 0.4950936734676361 22
1761452162609 0.4540588855743408 23
1761452163199 0.48438894748687744 24
1761452163867 0.48751115798950195 25
1761452151460 0.38715434074401855 0
