1761452151460 1.2478575706481934 0
1761452152072 1.1129170656204224 1
1761452152648 1.0941623449325562 2
1761452153215 1.081578254699707 3
1761452153655 1.0751317739486694 4
1761452154079 1.061448335647583 5
1761452154510 1.066818356513977 6
1761452154958 1.0616742372512817 7
1761452155656 1.0498722791671753 8
1761452156080 1.07492995262146 9
1761452156519 1.0517624616622925 10
1761452156940 1.0551650524139404 11
1761452157362 1.05703866481781 12
1761452157839 1.048270344734192 13
1761452158439 1.0573451519012451 14
1761452158954 1.0476080179214478 15
1761452159355 1.04825758934021 16
1761452159773 1.0547248125076294 17
1761452160372 1.057026982307434 18
1761452160844 1.044845700263977 19
1761452161272 1.0453613996505737 20
1761452161710 1.0540796518325806 21
1761452162139 1.0452278852462769 22
1761452162609 1.0433478355407715 23
1761452163199 1.034801959991455 24
1761452163867 1.024901270866394 25
1761452151460 1.2478575706481934 0
