1761525733934 0.0010000000474974513 0
1761525734190 0.0010000000474974513 1
1761525734625 0.0010000000474974513 2
1761525734994 0.0010000000474974513 3
1761525735583 0.0010000000474974513 4
1761525735995 0.0010000000474974513 5
1761525736323 0.0010000000474974513 6
1761525736746 0.0010000000474974513 7
1761525737284 0.0010000000474974513 8
1761525737589 0.0010000000474974513 9
1761525737871 0.0005000000237487257 10
1761525738261 0.0005000000237487257 11
1761525738641 0.0005000000237487257 12
1761525739069 0.0005000000237487257 13
1761525739387 0.0005000000237487257 14
1761525739679 0.0002500000118743628 15
1761525739975 0.0002500000118743628 16
1761525740393 0.0002500000118743628 17
1761525740816 0.0002500000118743628 18
1761525741109 0.0002500000118743628 19
1761525733934 0.0010000000474974513 0
