1761506309220 0.3107926547527313 0
1761506309892 0.3631885349750519 1
1761506310575 0.3690102994441986 2
1761506311196 0.3300492465496063 3
1761506311818 0.4935064911842346 4
1761506312402 0.4738020598888397 5
1761506312994 0.5463501811027527 6
1761506313656 0.42051053047180176 7
1761506314288 0.2261531502008438 8
1761506314908 0.25839677453041077 9
1761506315534 0.2503358721733093 10
1761506316163 0.2651141881942749 11
1761506316766 0.5141065716743469 12
1761506317368 0.5982982516288757 13
1761506317989 0.618898332118988 14
1761506318670 0.5373936295509338 15
1761506319296 0.3081056773662567 16
1761506319933 0.3215405344963074 17
1761506309220 0.3107926547527313 0
