1761506309220 1.3622833490371704 0
1761506309892 1.1150091886520386 1
1761506310575 1.1007057428359985 2
1761506311196 1.0996273756027222 3
1761506311818 1.0940287113189697 4
1761506312402 1.0954924821853638 5
1761506312994 1.0942044258117676 6
1761506313656 1.0939347743988037 7
1761506314288 1.0902900695800781 8
1761506314908 1.0897859334945679 9
1761506315534 1.0874731540679932 10
1761506316163 1.088972568511963 11
1761506316766 1.0847728252410889 12
1761506317368 1.081526517868042 13
1761506317989 1.0896036624908447 14
1761506318670 1.0899440050125122 15
1761506319296 1.0839189291000366 16
1761506319933 1.0839831829071045 17
1761506309220 1.3622833490371704 0
