1761505530650 1.3654357194900513 0 ba9e8a8fd6b44b4da1b151dd0365be94
1761505530897 1.1064963340759277 1 ba9e8a8fd6b44b4da1b151dd0365be94
1761505531197 1.0803167819976807 2 ba9e8a8fd6b44b4da1b151dd0365be94
1761505531815 1.072597622871399 3 ba9e8a8fd6b44b4da1b151dd0365be94
1761505532145 1.0734955072402954 4 ba9e8a8fd6b44b4da1b151dd0365be94
1761505532804 1.0678435564041138 5 ba9e8a8fd6b44b4da1b151dd0365be94
1761505533263 1.070162057876587 6 ba9e8a8fd6b44b4da1b151dd0365be94
1761505533632 1.0623098611831665 7 ba9e8a8fd6b44b4da1b151dd0365be94
1761505533912 1.0637919902801514 8 ba9e8a8fd6b44b4da1b151dd0365be94
1761505534260 1.0619975328445435 9 ba9e8a8fd6b44b4da1b151dd0365be94
1761505534544 1.0624439716339111 10 ba9e8a8fd6b44b4da1b151dd0365be94
1761505535083 1.056748390197754 11 ba9e8a8fd6b44b4da1b151dd0365be94
1761505535422 1.0511970520019531 12 ba9e8a8fd6b44b4da1b151dd0365be94
1761505535693 1.0618194341659546 13 ba9e8a8fd6b44b4da1b151dd0365be94
1761505535973 1.0601359605789185 14 ba9e8a8fd6b44b4da1b151dd0365be94
1761505536232 1.053675651550293 15 ba9e8a8fd6b44b4da1b151dd0365be94
1761505530650 1.3654357194900513 0 ba9e8a8fd6b44b4da1b151dd0365be94
