1761505530650 0.35504013299942017 0
1761505530897 0.46030330657958984 1
1761505531197 0.4148082137107849 2
1761505531815 0.4839428961277008 3
1761505532145 0.4388938546180725 4
1761505532804 0.4982158839702606 5
1761505533263 0.45807313919067383 6
1761505533632 0.4861730635166168 7
1761505533912 0.48037466406822205 8
1761505534260 0.4727921485900879 9
1761505534544 0.45316681265830994 10
1761505535083 0.5093666315078735 11
1761505535422 0.48840320110321045 12
1761505535693 0.4950936734676361 13
1761505535973 0.47056201100349426 14
1761505536232 0.44335415959358215 15
1761505530650 0.35504013299942017 0
